  0.14511983    
  0.24435514    
  0.15298416    
  0.43470380    
 -0.10779264    
 -0.36765870    
 -2.64529381E-02
 -0.24426246    
  3.64430770E-02
 -0.25790510    
  2.74799652E-02
 -0.12770395    
  6.48720637E-02
 -0.15067245    
  0.15569109    
 -0.17864241    
 -0.58815181    
 -1.96649395E-02
  9.92231369E-02
 -0.16272683    
 -6.34262785E-02
 -0.13883501    
 -2.48033600E-03
  0.13796780    
  0.16957499    
  0.28293553    
  2.69236527E-02
 -1.15231089E-02
  0.21414874    
  0.13071740    
  0.10301919    
 -0.16845845    
 -0.63114089    
  8.46998990E-02
  0.41806656    
 -0.41200566    
 -0.42775819    
  9.14654881E-02
  0.28564999    
  0.26969203    
  0.19776453    
 -0.36025241    
 -1.73783712E-02
  0.62093759    
  2.60596704E-02
  0.12246098    
 -0.10092096    
 -0.22684696    
 -0.12423985    
 -0.17072783    
 -9.40609872E-02
 -0.17874074    
 -0.17803456    
 -0.22842617    
 -8.12859908E-02
  0.13573916    
  3.90136726E-02
  6.82784021E-02
  2.47283280E-02
  0.58110428    
  0.14780952    
  0.11897409    
  0.16594172    
 -0.40981352    
 -0.27155396    
 -0.27200556    
 -3.70927416E-02
 -0.34760079    
 -0.30001298    
 -0.15566486    
 -8.17311369E-03
  0.29030055    
  0.22303745    
  0.29781902    
  8.49217772E-02
  0.44968387    
  0.10295924    
  0.35791111    
  0.13653567    
  3.64453644E-02
  5.35763949E-02
 -0.25356761    
 -2.67528500E-02
 -8.38415772E-02
 -0.19378413    
 -0.10279070    
 -1.29845869E-02
 -0.13350578    
  4.02129292E-02
 -2.69262074E-03
  0.22828151    
  0.33056438    
 -0.38621637    
 -0.25679162    
 -0.30261377    
 -0.17468083    
 -0.22378314    
 -0.21555559    
 -0.21212108    
 -7.44974986E-02
  0.12006810    
  9.90177318E-02
  0.14451358    
  0.12469614    
  0.49111801    
  0.32160524    
  0.21519043    
  0.32908705    
 -8.66395831E-02
  0.10645943    
 -4.05452512E-02
  0.14929102    
 -0.23676115    
 -0.33353329    
 -0.12915620    
  6.77102506E-02
  0.18237904    
  0.31277949    
 -9.73805487E-02
  4.94831353E-02
  0.23034483    
 -0.20488705    
  4.10233140E-02
  0.47349620    
  0.37755206    
  0.43504038    
  0.20700493    
  0.40314823    
  0.14462738    
 -0.14405854    
 -0.15004247    
 -0.18296099    
 -0.28184026    
 -0.20349205    
 -0.42211646    
 -0.32272401    
 -0.31704807    
 -0.23622505    
  3.55580188E-02
 -3.94677520E-02
  8.80278498E-02
 -0.22911672    
 -0.12012127    
 -0.17836128    
 -1.69777218E-02
  0.22407402    
  0.14822672    
  2.76306514E-02
  0.20734972    
  9.31129456E-02
  1.23088881E-02
 -0.14652114    
  1.63030773E-02
 -3.52704115E-02
  6.54411614E-02
 -0.14166743    
 -0.19334903    
 -0.14132859    
 -5.82118221E-02
  2.90529281E-02
 -3.40280086E-02
  0.15740702    
  9.54138264E-02
 -3.56358439E-02
  0.20701048    
  0.22679248    
 -0.20992461    
  8.98147002E-04
  8.73099454E-03
  0.16813926    
 -0.29966944    
 -0.20664902    
 -0.12392333    
  2.48765829E-03
  0.17635332    
 -2.94244923E-02
  0.38610703    
 -7.92855471E-02
 -3.83360349E-02
  5.17104752E-02
  0.20409454    
 -0.13786322    
  3.59309092E-02
 -6.05607182E-02
  0.15331747    
 -0.21273895    
 -0.15883128    
 -0.16660874    
 -6.28829524E-02
  0.10907613    
  0.18614607    
 -5.13833426E-02
  9.40800086E-02
  0.28834778    
 -2.01796256E-02
  1.50294993E-02
 -0.17873284    
  0.19512914    
 -0.10874369    
  0.15952983    
 -0.44888857    
 -0.44640711    
 -0.18681298    
  8.51798132E-02
  3.26531194E-02
  0.29244211    
  8.70902166E-02
  0.33167100    
  5.30290417E-02
  0.14918217    
 -0.54260987    
 -0.28111061    
 -0.34769705    
 -0.10944039    
 -0.33992639    
 -0.23262584    
 -0.19706988    
 -4.38745925E-03
  0.18345082    
  0.27181071    
  0.30344981    
  0.45367110    
  0.37551889    
  0.48244154    
 -0.10193024    
 -7.61391819E-02
  4.82873991E-02
  3.03072557E-02
  6.06496781E-02
  7.31205521E-03
 -0.24438587    
 -1.04725901E-02
 -9.87619683E-02
 -0.11626165    
  0.24292178    
 -0.32622042    
  0.40865329    
  0.19262965    
 -0.28376171    
 -0.22967365    
 -0.18150376    
 -0.14775902    
 -0.18011056    
 -8.81740171E-03
 -0.12289890    
 -3.28258425E-02
  0.11909162    
  0.20768322    
  0.15320048    
  0.27303237    
  0.31098199    
  0.13889232    
 -0.14775564    
 -1.80197973E-02
 -0.15517969    
 -2.39655375E-02
 -0.14065212    
 -0.23017921    
 -0.14410314    
 -2.86412239E-03
  0.14107014    
  8.67038667E-02
  1.46908369E-02
  0.10745379    
  0.27565342    
  3.70743349E-02
  0.21092644    
 -0.22058295    
  0.13530166    
 -9.59922150E-02
  0.24749498    
 -0.35164118    
 -0.38773501    
 -0.21215978    
 -1.97830498E-02
  0.30043977    
  0.45152429    
 -0.13490902    
  0.49958330    
 -0.21202368    
  1.69399641E-02
 -1.72136724E-03
  0.13939713    
  0.11714686    
  9.49352309E-02
  0.14341876    
 -3.73404324E-02
 -0.14252059    
 -0.13777187    
 -0.15088691    
 -6.41758889E-02
  2.30941102E-02
 -0.10979750    
  0.11681840    
  2.54860576E-02
 -0.41523850    
 -0.26763776    
 -0.30798164    
 -0.15982012    
 -0.22707146    
 -0.20604703    
 -0.16279672    
 -1.54903736E-02
  0.12434229    
  0.22314715    
  0.14017560    
  0.24996886    
  0.42568192    
  0.25168374    
  0.35796055    
 -0.22146171    
 -0.11978704    
 -7.44847804E-02
 -0.16742134    
 -1.55903678E-02
 -9.95963737E-02
 -0.12804653    
 -1.09483311E-02
 -1.55956140E-02
 -1.42550105E-02
  0.14105569    
  6.75736740E-02
  0.17291147    
  0.27258646    
  0.22399744    
 -0.35240355    
 -0.17605677    
 -0.17657478    
 -0.12799576    
 -0.17533192    
 -0.17677219    
 -0.11927705    
 -1.48813836E-02
 -6.92076236E-03
  4.42164019E-02
  0.18393345    
  0.25679436    
  0.17163704    
  0.30979589    
  0.37104395    
 -0.14572941    
 -0.22896871    
 -0.11032517    
 -0.24562907    
 -3.73648554E-02
  5.48031926E-03
 -0.10360616    
  8.24392401E-03
  1.44424979E-02
  7.72044063E-04
  0.11478836    
  0.14698294    
  0.15757772    
  0.19932532    
  0.23435193    
  0.16821550    
  0.21937881    
  0.24897851    
  8.70899111E-02
  0.22622791    
  0.12031451    
 -0.18689464    
 -0.15769593    
 -0.14487800    
 -0.15279499    
  7.62972655E-03
 -0.16837075    
 -0.20040667    
  5.72503209E-02
 -0.11322325    
  0.10122441    
  0.10958444    
  7.35011548E-02
 -2.77750678E-02
  7.85076097E-02
 -4.36943695E-02
 -0.10363568    
 -6.70237467E-02
  4.79200529E-03
  0.15919729    
 -0.13246733    
  9.31769027E-04
 -0.12324324    
 -1.39509635E-02
 -0.24861875    
 -0.14482331    
 -0.17455018    
 -4.20023650E-02
 -0.21204904    
 -0.21682827    
 -0.12658772    
  2.77139097E-02
  0.11507788    
  0.21146716    
  5.79278544E-02
  0.21607940    
  0.22694620    
  0.10310924    
  0.21771300    
 -0.20301765    
  8.77017155E-04
 -4.21851799E-02
  0.14438459    
 -0.26316541    
 -0.27364802    
 -0.19509673    
  0.18684210    
  0.36434364    
 -8.63300040E-02
  0.39478171    
 -5.55125400E-02
  3.95708755E-02
 -3.34816761E-02
  0.23283550    
 -0.25862151    
  5.72956540E-03
  0.16894110    
 -2.46425755E-02
 -0.14878415    
  8.55152160E-02
  0.25579071    
 -0.35478148    
 -0.13009135    
  0.33800817    
 -0.20312145    
  7.27540702E-02
  1.78198367E-02
  5.56551442E-02
 -3.43158469E-02
  7.14037940E-02
  3.55073586E-02
 -0.23965871    
 -0.16845295    
 -0.16296245    
 -0.21355692    
 -4.60509676E-03
  0.16547996    
  0.16829605    
  4.88720611E-02
  5.60275503E-02
  0.18369108    
 -0.18364240    
 -0.58815181    
 -8.96649435E-02
  9.49231386E-02
 -0.14832683    
 -0.11532628    
 -0.14133501    
  4.41966392E-03
  0.12226780    
  0.16337499    
  0.28043550    
  7.88236558E-02
 -1.71231087E-02
  0.34224877    
  7.19174072E-02
  0.12421920    
 -0.34025842    
 -0.55304092    
 -0.13280010    
 -0.19323343    
 -0.20820569    
 -0.20455818    
 -6.47345111E-02
 -0.14185001    
  0.11289203    
  0.15526454    
  0.14344759    
 -4.67783697E-02
  0.54033756    
  0.47855967    
  0.38496098    
  6.90790415E-02
  0.11255303    
  0.11016015    
  2.48721745E-02
  4.72390056E-02
  4.05592658E-02
  2.69654356E-02
 -0.17032617    
 -5.00859916E-02
  0.14573917    
  2.34136730E-02
 -4.48216014E-02
 -7.02716708E-02
 -8.63957256E-02
 -2.90474505E-04
 -3.79259139E-02
 -7.21582919E-02
 -0.47711354    
 -0.23155399    
 -0.31870556    
 -5.37927411E-02
 -0.32230079    
 -0.32261297    
 -0.19566487    
 -2.81731114E-02
  0.32560056    
  0.24503745    
  0.34381902    
  0.12222178    
  0.54368389    
  7.96592385E-02
  0.29461113    
  0.16813567    
 -6.19546361E-02
  2.95763947E-02
 -0.10946760    
 -4.04528528E-02
 -7.74157420E-03
 -0.25888413    
 -2.43906975E-02
  5.81515729E-02
  4.37154137E-02
 -7.09057748E-02
 -2.83870697E-02
 -0.19969262    
  0.27798152    
  0.22876437    
 -0.36501637    
 -0.18809161    
 -0.21131375    
 -0.11718082    
 -0.25698313    
 -0.21305560    
 -0.27582109    
 -9.19974968E-02
  0.28326809    
  0.10841773    
  0.15451357    
  0.13529614    
  0.15301800    
  0.32720524    
  0.24269041    
  0.31408703    
 -0.11263958    
  9.58594307E-02
  2.41547469E-02
  0.10599103    
 -0.24276114    
 -0.29623327    
 -0.24255620    
  1.17102489E-02
  0.24307904    
  0.30417946    
 -3.00805457E-02
  3.48313525E-03
  0.28634486    
 -0.16818705    
  2.83233151E-02
  0.22319621    
  0.25115207    
  0.21704037    
  0.10640493    
  0.22804822    
  8.02273825E-02
 -0.17715853    
 -6.70424774E-02
 -6.42609894E-02
 -9.59402695E-02
 -7.44920447E-02
 -0.24501643    
 -0.19842404    
 -1.66865587E-02
 -0.15634808    
 -0.41112506    
 -0.21744198    
 -0.28056774    
 -6.26721457E-02
 -0.26871675    
 -0.19482127    
 -0.21466129    
 -4.62777242E-02
  0.26986092    
  0.14907402    
  0.24412674    
  0.17863065    
  0.35234970    
  0.26381296    
  0.24300888    
 -0.31522113    
 -0.17039692    
 -0.18667042    
 -0.12315884    
 -0.20366743    
 -0.19534902    
 -0.20732859    
 -6.15118183E-02
  4.36529256E-02
  1.79719888E-02
  0.20340702    
  0.52741385    
  9.23641622E-02
  0.29841048    
  0.29149246    
  1.54753979E-02
  3.55981477E-02
  1.60309933E-02
  6.08392730E-02
 -0.18236946    
 -0.13534902    
 -0.24332333    
 -0.15421234    
 -1.23466859E-02
 -0.11672449    
  0.19480701    
  0.60141444    
 -7.63360411E-02
  1.84104759E-02
 -1.05054583E-02
 -0.22386323    
  0.12723091    
 -7.91607201E-02
  0.12201747    
 -0.12473895    
 -0.17953128    
 -0.21790874    
 -1.82829518E-02
  0.18967615    
  0.21674606    
 -3.87833454E-02
 -2.85199862E-02
  0.23694777    
  3.18203755E-02
 -2.97050178E-03
 -0.22443284    
  0.28222913    
 -0.25804368    
  7.42983073E-03
 -0.30388856    
 -0.36280710    
 -0.31751299    
  3.58798131E-02
  0.24765313    
  0.44094211    
 -0.13290979    
  0.42667100    
 -1.33709610E-02
  0.18848217    
 -0.55980986    
 -0.20041060    
 -0.35059705    
 -4.87403981E-02
 -0.42212638    
 -0.23262584    
 -0.15856989    
 -8.43874589E-02
  0.18205081    
  0.25401071    
  0.35994980    
  0.43157110    
  0.43051890    
  0.41454154    
  6.45697638E-02
  7.38608167E-02
  6.82873949E-02
 -2.88927406E-02
  0.11064968    
  3.94120552E-02
 -2.36858781E-02
 -0.20257260    
 -0.17236197    
 -0.12196165    
  0.18222179    
 -0.29192042    
  0.25225329    
  6.69296533E-02
 -0.33016172    
 -6.68736622E-02
 -0.21870376    
 -7.13590160E-02
 -0.22651055    
 -4.38174009E-02
 -0.11869890    
  2.43741591E-02
  0.10839162    
  0.18488322    
  0.11750048    
  0.27233237    
  0.20528202    
  0.17889233    
 -0.28905562    
  2.72802003E-02
 -0.11517971    
  2.47344635E-02
 -0.30665213    
 -0.29077920    
 -0.13810316    
  5.17358780E-02
  0.18237014    
  0.24010387    
  2.46908367E-02
  0.24345379    
  0.34035343    
 -0.10552566    
  0.12162644    
 -0.25208294    
  6.96016625E-02
 -0.10309221    
  0.19749498    
 -0.32444116    
 -0.31273499    
 -0.20995978    
 -0.11838305    
  0.24973977    
  0.44652429    
 -3.35090123E-02
  0.45808330    
 -8.92236829E-02
  3.83399650E-02
  0.39107865    
  0.39439714    
  0.34634688    
  0.31213525    
  0.36561877    
  0.18405956    
 -0.11472058    
 -5.92718720E-02
 -9.58869085E-02
 -0.13057590    
 -0.29040590    
 -0.50339746    
 -0.30968162    
 -0.47371393    
 -0.40993848    
 -0.25833777    
 -0.28928167    
 -0.15782012    
 -0.23367147    
 -0.19204703    
 -0.18409672    
 -3.34903710E-02
  0.10434229    
  0.22514714    
  0.14217559    
  0.28336889    
  0.43698192    
  0.24238373    
  0.33536056    
  0.23253830    
  0.25021297    
  0.25691521    
  9.51786637E-02
  0.21580963    
  7.64036328E-02
 -0.15804653    
 -9.63483304E-02
 -0.13889562    
 -0.10695501    
  3.05569544E-03
 -0.17982633    
 -0.29368854    
  5.71864620E-02
 -0.20270257    
 -0.16100357    
 -9.67567712E-02
 -7.38747865E-02
 -8.86957496E-02
 -6.46319315E-02
 -8.47721994E-02
 -0.13727704    
 -2.22813822E-02
 -2.63207629E-02
  9.51640308E-03
  0.16993345    
  3.27943712E-02
  6.49370328E-02
  0.26309589    
  0.22634393    
  4.42705937E-02
 -3.16687077E-02
  5.07483305E-03
 -0.12902907    
  0.10133515    
  7.74803236E-02
 -0.10100616    
 -4.24560755E-02
 -5.22575043E-02
 -7.72279575E-02
  5.94883636E-02
  3.09829414E-02
 -3.31222787E-02
  0.10532532    
  5.29519320E-02
  0.23821551    
  0.23397882    
  0.24957849    
  8.97899121E-02
  0.17022792    
  5.63145056E-02
 -0.17219464    
 -9.69959274E-02
 -0.14357801    
 -0.12139500    
  3.16297263E-02
 -9.83707532E-02
 -0.30370668    
  2.12503243E-02
 -0.14382325    
 -0.25877559    
 -6.69155568E-02
 -0.11009885    
  6.93249330E-02
 -0.27429238    
 -0.26369438    
  3.55643220E-02
  9.43762586E-02
  0.22199200    
  0.32059729    
  2.82326750E-02
  0.22093177    
 -0.11684324    
  0.11524904    
 -0.26661876    
 -0.14082332    
 -0.17655018    
 -7.87023604E-02
 -0.17004903    
 -0.16482827    
 -0.12118772    
  1.11391069E-03
  0.11967788    
  0.18746717    
  7.86278471E-02
  0.17007940    
  0.29094622    
  8.91092345E-02
  0.19231300    
 -0.33421767    
 -6.33229837E-02
 -0.18888517    
  5.45845963E-02
 -0.25376540    
 -0.30344802    
 -0.24279672    
  0.14404209    
  0.33014363    
 -3.99300084E-02
  0.59397078    
  0.40458173    
 -0.12771255    
  3.33708823E-02
 -6.19816743E-02
  3.36355045E-02
 -2.12149834E-03
  6.28295690E-02
 -0.12105890    
 -0.14174259    
 -0.20228414    
  2.84152199E-02
  9.28907096E-02
  5.45185283E-02
  4.28086370E-02
  0.15370816    
  1.39785409E-02
  5.27540743E-02
