    90.714    27.136    -4.724    -2.362
    90.664    27.276    -4.576    -2.362
    90.613    27.417    -4.429    -2.362
    90.563    27.558    -4.281    -2.362
    90.513    27.698    -4.133    -2.362
    90.462    27.839    -3.986    -2.362
    90.411    27.979    -3.838    -2.362
    90.361    28.120    -3.690    -2.362
    90.310    28.260    -3.543    -2.362
    90.259    28.401    -3.395    -2.362
    90.208    28.541    -3.248    -2.362
    90.156    28.682    -3.100    -2.362
    90.105    28.822    -2.952    -2.362
    90.053    28.963    -2.805    -2.362
    90.002    29.103    -2.657    -2.362
    89.950    29.243    -2.510    -2.362
    89.898    29.384    -2.362    -2.362
    89.846    29.524    -2.214    -2.362
    89.794    29.664    -2.067    -2.362
    89.742    29.805    -1.919    -2.362
    89.689    29.945    -1.771    -2.362
    89.637    30.085    -1.624    -2.362
    89.584    30.226    -1.476    -2.362
    89.531    30.366    -1.329    -2.362
    89.478    30.506    -1.181    -2.362
    89.425    30.646    -1.033    -2.362
    89.372    30.787    -0.886    -2.362
    89.319    30.927    -0.738    -2.362
    89.265    31.067    -0.590    -2.362
    89.212    31.207    -0.443    -2.362
    89.158    31.347    -0.295    -2.362
    89.104    31.488    -0.148    -2.362
    89.050    31.628     0.000    -2.362
    88.996    31.768     0.148    -2.362
    88.941    31.908     0.295    -2.362
    88.887    32.048     0.443    -2.362
    88.832    32.188     0.590    -2.362
    88.778    32.328     0.738    -2.362
    88.723    32.468     0.886    -2.362
    88.668    32.608     1.033    -2.362
    88.612    32.748     1.181    -2.362
    88.557    32.888     1.329    -2.362
    88.501    33.028     1.476    -2.362
    88.446    33.168     1.624    -2.362
    88.390    33.308     1.771    -2.362
    88.334    33.448     1.919    -2.362
    88.278    33.587     2.067    -2.362
    88.221    33.727     2.214    -2.362
    88.165    33.867     2.362    -2.362
    88.108    34.007     2.510    -2.362
    88.051    34.147     2.657    -2.362
    87.994    34.286     2.805    -2.362
    87.937    34.426     2.952    -2.362
    87.879    34.566     3.100    -2.362
    87.822    34.705     3.248    -2.362
    87.764    34.845     3.395    -2.362
    87.706    34.985     3.543    -2.362
    87.648    35.124     3.690    -2.362
    87.590    35.264     3.838    -2.362
    87.531    35.404     3.986    -2.362
    87.473    35.543     4.133    -2.362
    87.414    35.683     4.281    -2.362
    87.355    35.822     4.429    -2.362
    87.296    35.962     4.576    -2.362
    87.236    36.101     4.724    -2.362
    87.236    36.101     4.724    -2.362
    87.064    36.053     4.724    -2.214
    86.891    36.004     4.724    -2.067
    86.719    35.956     4.724    -1.919
    86.547    35.907     4.724    -1.771
    86.375    35.857     4.724    -1.624
    86.204    35.808     4.724    -1.476
    86.032    35.758     4.724    -1.329
    85.861    35.708     4.724    -1.181
    85.690    35.658     4.724    -1.033
    85.520    35.608     4.724    -0.886
    85.349    35.557     4.724    -0.738
    85.179    35.506     4.724    -0.590
    85.009    35.455     4.724    -0.443
    84.839    35.403     4.724    -0.295
    84.669    35.352     4.724    -0.148
    84.500    35.300     4.724     0.000
    84.331    35.248     4.724     0.148
    84.162    35.196     4.724     0.295
    83.993    35.143     4.724     0.443
    83.825    35.090     4.724     0.590
    83.656    35.037     4.724     0.738
    83.488    34.984     4.724     0.886
    83.320    34.930     4.724     1.033
    83.153    34.877     4.724     1.181
    82.985    34.823     4.724     1.329
    82.818    34.769     4.724     1.476
    82.651    34.714     4.724     1.624
    82.484    34.659     4.724     1.771
    82.318    34.605     4.724     1.919
    82.151    34.549     4.724     2.067
    81.985    34.494     4.724     2.214
    81.819    34.439     4.724     2.362
    81.819    34.439     4.724     2.362
    81.887    34.302     4.576     2.362
    81.954    34.165     4.429     2.362
    82.021    34.029     4.281     2.362
    82.087    33.892     4.133     2.362
    82.154    33.755     3.986     2.362
    82.220    33.618     3.838     2.362
    82.286    33.481     3.690     2.362
    82.351    33.344     3.543     2.362
    82.417    33.207     3.395     2.362
    82.482    33.070     3.248     2.362
    82.547    32.933     3.100     2.362
    82.612    32.796     2.952     2.362
    82.677    32.659     2.805     2.362
    82.741    32.522     2.657     2.362
    82.805    32.385     2.510     2.362
    82.869    32.248     2.362     2.362
    82.933    32.110     2.214     2.362
    82.996    31.973     2.067     2.362
    83.060    31.836     1.919     2.362
    83.123    31.698     1.771     2.362
    83.186    31.561     1.624     2.362
    83.248    31.423     1.476     2.362
    83.311    31.286     1.329     2.362
    83.373    31.148     1.181     2.362
    83.435    31.011     1.033     2.362
    83.497    30.873     0.886     2.362
    83.559    30.736     0.738     2.362
    83.621    30.598     0.590     2.362
    83.682    30.460     0.443     2.362
    83.743    30.323     0.295     2.362
    83.804    30.185     0.148     2.362
    83.865    30.047     0.000     2.362
    83.925    29.909    -0.148     2.362
    83.986    29.771    -0.295     2.362
    84.046    29.633    -0.443     2.362
    84.106    29.495    -0.590     2.362
    84.166    29.357    -0.738     2.362
    84.226    29.219    -0.886     2.362
    84.285    29.081    -1.033     2.362
    84.344    28.943    -1.181     2.362
    84.404    28.805    -1.329     2.362
    84.463    28.667    -1.476     2.362
    84.521    28.529    -1.624     2.362
    84.580    28.391    -1.771     2.362
    84.639    28.253    -1.919     2.362
    84.697    28.114    -2.067     2.362
    84.755    27.976    -2.214     2.362
    84.813    27.838    -2.362     2.362
    84.871    27.699    -2.510     2.362
    84.928    27.561    -2.657     2.362
    84.986    27.423    -2.805     2.362
    85.043    27.284    -2.952     2.362
    85.100    27.146    -3.100     2.362
    85.157    27.007    -3.248     2.362
    85.214    26.869    -3.395     2.362
    85.271    26.730    -3.543     2.362
    85.327    26.592    -3.690     2.362
    85.384    26.453    -3.838     2.362
    85.440    26.314    -3.986     2.362
    85.496    26.176    -4.133     2.362
    85.552    26.037    -4.281     2.362
    85.608    25.898    -4.429     2.362
    85.663    25.760    -4.576     2.362
    85.719    25.621    -4.724     2.362
    90.714    27.136    -4.724    -2.362
    90.556    27.091    -4.724    -2.214
    90.398    27.046    -4.724    -2.067
    90.240    27.001    -4.724    -1.919
    90.082    26.956    -4.724    -1.771
    89.925    26.911    -4.724    -1.624
    89.767    26.865    -4.724    -1.476
    89.610    26.819    -4.724    -1.329
    89.453    26.773    -4.724    -1.181
    89.296    26.727    -4.724    -1.033
    89.139    26.681    -4.724    -0.886
    88.982    26.635    -4.724    -0.738
    88.825    26.588    -4.724    -0.590
    88.669    26.541    -4.724    -0.443
    88.512    26.494    -4.724    -0.295
    88.356    26.447    -4.724    -0.148
    88.200    26.400    -4.724     0.000
    88.044    26.353    -4.724     0.148
    87.888    26.305    -4.724     0.295
    87.732    26.257    -4.724     0.443
    87.577    26.209    -4.724     0.590
    87.421    26.161    -4.724     0.738
    87.266    26.113    -4.724     0.886
    87.110    26.064    -4.724     1.033
    86.955    26.016    -4.724     1.181
    86.800    25.967    -4.724     1.329
    86.645    25.918    -4.724     1.476
    86.491    25.869    -4.724     1.624
    86.336    25.820    -4.724     1.771
    86.182    25.770    -4.724     1.919
    86.027    25.721    -4.724     2.067
    85.873    25.671    -4.724     2.214
    85.719    25.621    -4.724     2.362
